100 100
-99 -82 -101 -100 -55 -114 -32 -95 -58 -87 -31 -57 -62 -50 -73 -49 -90 -66 -105 -103 -65 -40 -109 -11 -58 -44 -109 -118 -29 -23 -12 -94 -23 -76 -14 -24 -11 -102 -108 -84 -107 -106 -21 -13 -25 -32 -76 -120 -26 -85 -56 -34 -65 -73 -99 -110 -87 -98 -50 -51 -35 -36 -106 -32 -71 -102 -37 -21 -9 -65 -42 -89 -68 -50 -69 -71 -35 -42 -86 -92 -60 -99 -64 -93 -68 -120 -39 -58 -39 -15 -61 -28 -99 -119 -29 -63 -36 -108 -15 -24 
-103 -58 -41 -40 -55 -111 -67 -108 -11 -90 -83 -111 -75 -37 -74 -96 -23 -57 -43 -106 -25 -41 -41 -15 -90 -85 -89 -48 -62 -58 -30 -78 -37 -51 -29 -40 -98 -28 -43 -20 -31 -75 -120 -69 -45 -118 -11 -99 -33 -11 -48 -54 -118 -81 -100 -30 -20 -56 -84 -114 -52 -63 -12 -98 -113 -46 -117 -78 -45 -112 -18 -47 -107 -112 -63 -49 -113 -88 -35 -101 -83 -109 -81 -9 -83 -15 -87 -36 -95 -117 -113 -114 -17 -99 -88 -94 -75 -23 -24 -61 
-39 -50 -14 -30 -42 -62 -34 -59 -66 -73 -70 -42 -83 -18 -60 -95 -77 -23 -99 -55 -17 -22 -66 -54 -45 -99 -20 -88 -91 -103 -78 -11 -18 -94 -79 -28 -35 -120 -108 -31 -83 -31 -24 -93 -48 -52 -102 -76 -26 -105 -67 -74 -95 -50 -85 -94 -17 -31 -87 -104 -51 -114 -36 -61 -43 -25 -60 -120 -41 -92 -25 -17 -113 -30 -95 -14 -94 -17 -96 -27 -103 -43 -105 -15 -96 -114 -36 -49 -100 -93 -112 -17 -104 -24 -34 -26 -51 -22 -71 -114 
-30 -32 -37 -73 -27 -78 -13 -49 -59 -47 -118 -56 -34 -78 -109 -112 -85 -56 -108 -109 -60 -30 -86 -16 -10 -54 -26 -31 -47 -93 -20 -14 -76 -21 -109 -18 -67 -68 -108 -72 -120 -38 -82 -102 -40 -86 -86 -67 -112 -75 -85 -110 -27 -96 -61 -30 -73 -66 -29 -82 -109 -70 -120 -66 -14 -99 -53 -90 -69 -75 -51 -58 -49 -102 -59 -46 -49 -106 -107 -76 -113 -73 -87 -103 -42 -48 -82 -40 -53 -79 -85 -45 -17 -32 -118 -18 -62 -62 -112 -65 
-24 -49 -85 -58 -53 -85 -39 -116 -118 -67 -52 -12 -51 -70 -47 -17 -38 -36 -9 -10 -22 -50 -57 -57 -115 -118 -32 -54 -60 -18 -64 -78 -21 -93 -37 -30 -12 -115 -27 -102 -24 -109 -83 -31 -35 -83 -66 -26 -38 -111 -16 -57 -52 -31 -84 -108 -120 -20 -15 -19 -47 -24 -92 -39 -27 -82 -62 -53 -94 -84 -25 -48 -112 -16 -85 -13 -107 -21 -115 -71 -61 -93 -93 -80 -93 -82 -54 -77 -22 -21 -118 -54 -106 -20 -13 -82 -60 -91 -117 -105 
-25 -89 -57 -87 -104 -46 -113 -84 -63 -118 -47 -34 -58 -117 -34 -54 -35 -50 -87 -60 -112 -69 -62 -102 -9 -54 -15 -27 -53 -95 -41 -80 -107 -27 -34 -116 -43 -24 -97 -12 -28 -50 -18 -19 -111 -110 -11 -42 -68 -27 -119 -33 -86 -49 -77 -54 -94 -51 -31 -64 -101 -72 -47 -68 -66 -36 -68 -50 -112 -103 -31 -61 -39 -88 -111 -90 -35 -109 -65 -13 -55 -86 -117 -29 -54 -110 -59 -77 -95 -56 -58 -15 -16 -24 -12 -114 -101 -87 -14 -71 
-109 -116 -117 -28 -13 -50 -104 -19 -71 -24 -42 -112 -92 -31 -76 -92 -15 -31 -102 -36 -73 -61 -89 -80 -19 -109 -54 -25 -83 -77 -50 -98 -30 -54 -92 -63 -84 -89 -76 -50 -62 -33 -49 -39 -42 -79 -43 -78 -25 -29 -46 -82 -74 -69 -43 -99 -117 -64 -119 -61 -56 -79 -37 -37 -15 -104 -71 -60 -28 -49 -53 -27 -83 -81 -28 -45 -37 -35 -107 -92 -16 -103 -74 -43 -18 -119 -102 -65 -39 -12 -56 -93 -91 -108 -30 -9 -56 -27 -55 -76 
-93 -111 -97 -53 -98 -51 -41 -109 -56 -76 -84 -82 -48 -103 -104 -30 -43 -43 -68 -90 -29 -93 -20 -79 -106 -95 -58 -100 -84 -15 -113 -56 -13 -62 -18 -76 -112 -46 -105 -71 -30 -24 -111 -54 -110 -107 -114 -75 -65 -25 -117 -16 -65 -27 -71 -108 -60 -88 -108 -48 -46 -43 -65 -116 -10 -20 -15 -34 -57 -19 -71 -69 -47 -102 -25 -76 -110 -112 -36 -33 -85 -55 -73 -30 -116 -60 -39 -85 -106 -12 -79 -41 -76 -28 -70 -25 -87 -57 -89 -38 
-47 -9 -106 -117 -102 -45 -58 -108 -113 -24 -57 -16 -47 -71 -82 -21 -104 -43 -103 -33 -37 -34 -29 -94 -24 -43 -57 -37 -62 -103 -60 -37 -96 -105 -24 -88 -104 -110 -112 -41 -23 -9 -81 -100 -24 -109 -82 -111 -94 -47 -98 -51 -40 -67 -25 -105 -108 -41 -77 -88 -86 -13 -20 -81 -99 -104 -42 -88 -59 -15 -42 -71 -116 -13 -104 -47 -98 -116 -84 -108 -26 -41 -14 -120 -113 -106 -115 -27 -70 -68 -76 -89 -77 -27 -31 -37 -57 -65 -39 -92 
-98 -92 -18 -47 -75 -94 -101 -37 -59 -42 -66 -88 -114 -30 -33 -62 -17 -36 -63 -24 -39 -109 -104 -96 -41 -55 -111 -23 -35 -107 -115 -86 -71 -100 -96 -55 -50 -43 -58 -14 -21 -89 -117 -114 -111 -80 -36 -109 -22 -52 -22 -34 -91 -105 -80 -28 -18 -27 -78 -77 -109 -102 -29 -107 -51 -113 -21 -82 -97 -107 -51 -31 -76 -88 -19 -81 -66 -34 -83 -72 -77 -35 -12 -118 -107 -27 -120 -94 -73 -43 -65 -85 -36 -28 -43 -63 -33 -111 -26 -51 
-118 -83 -83 -22 -40 -33 -107 -94 -33 -51 -116 -12 -92 -36 -91 -87 -103 -38 -64 -113 -114 -103 -26 -99 -82 -48 -69 -82 -46 -113 -31 -106 -96 -33 -54 -110 -11 -27 -18 -22 -28 -53 -19 -108 -119 -28 -91 -49 -70 -64 -38 -40 -25 -22 -58 -21 -38 -24 -64 -74 -66 -55 -31 -57 -66 -39 -111 -102 -63 -94 -102 -90 -56 -23 -51 -100 -9 -112 -86 -40 -34 -55 -66 -22 -24 -36 -117 -96 -69 -23 -54 -11 -12 -31 -115 -111 -87 -41 -33 -84 
-30 -37 -79 -49 -22 -11 -45 -58 -118 -13 -48 -29 -44 -105 -88 -24 -55 -20 -79 -69 -41 -72 -40 -60 -65 -21 -68 -70 -71 -76 -33 -25 -99 -105 -22 -59 -63 -113 -22 -88 -81 -79 -49 -58 -53 -15 -111 -83 -96 -38 -47 -9 -39 -61 -109 -113 -68 -115 -82 -119 -77 -96 -40 -76 -71 -48 -91 -59 -92 -31 -115 -45 -119 -94 -96 -95 -12 -103 -84 -62 -73 -102 -70 -97 -101 -42 -63 -20 -81 -54 -30 -21 -88 -9 -73 -48 -54 -24 -26 -112 
-84 -86 -118 -52 -62 -37 -101 -50 -9 -75 -67 -15 -109 -28 -76 -82 -97 -22 -16 -24 -30 -85 -12 -61 -38 -19 -43 -70 -86 -105 -80 -112 -92 -75 -105 -51 -89 -94 -22 -106 -70 -88 -56 -111 -115 -79 -75 -83 -92 -73 -58 -68 -92 -48 -57 -69 -80 -40 -48 -27 -72 -109 -69 -32 -66 -31 -27 -91 -65 -48 -53 -49 -85 -16 -113 -117 -93 -23 -54 -55 -26 -20 -112 -88 -16 -75 -54 -66 -82 -10 -42 -118 -109 -83 -65 -94 -67 -109 -25 -84 
-15 -115 -74 -38 -84 -24 -120 -84 -12 -93 -21 -92 -38 -66 -85 -37 -10 -104 -64 -114 -19 -88 -80 -46 -89 -14 -21 -76 -16 -118 -107 -115 -100 -55 -92 -87 -95 -104 -102 -95 -92 -11 -29 -112 -57 -39 -62 -38 -46 -82 -13 -96 -15 -82 -22 -15 -44 -81 -69 -101 -101 -24 -10 -15 -14 -71 -101 -84 -80 -98 -16 -82 -20 -113 -74 -52 -88 -112 -88 -104 -77 -17 -74 -73 -94 -47 -92 -92 -25 -107 -16 -81 -22 -55 -36 -95 -88 -32 -25 -106 
-27 -112 -23 -114 -73 -83 -88 -33 -61 -46 -66 -20 -14 -89 -117 -18 -112 -66 -103 -100 -43 -67 -81 -16 -84 -70 -108 -67 -91 -120 -22 -37 -114 -90 -32 -75 -50 -89 -23 -20 -81 -47 -113 -118 -42 -113 -82 -24 -42 -113 -103 -58 -25 -117 -41 -43 -116 -76 -47 -53 -120 -73 -11 -66 -54 -58 -43 -78 -45 -44 -56 -11 -111 -70 -60 -46 -119 -15 -71 -21 -25 -70 -108 -77 -52 -45 -78 -42 -113 -48 -33 -18 -85 -84 -52 -84 -32 -17 -14 -69 
-15 -79 -78 -37 -117 -108 -67 -37 -92 -118 -78 -75 -28 -101 -66 -22 -72 -87 -82 -44 -118 -58 -63 -67 -52 -66 -48 -15 -69 -30 -31 -18 -19 -32 -101 -101 -46 -52 -69 -103 -63 -41 -102 -16 -29 -59 -105 -42 -47 -19 -77 -63 -115 -19 -55 -114 -27 -108 -85 -103 -46 -91 -11 -45 -14 -80 -79 -26 -29 -114 -53 -79 -114 -104 -111 -95 -46 -23 -101 -89 -82 -76 -57 -66 -110 -71 -109 -22 -85 -85 -82 -32 -30 -16 -10 -9 -16 -62 -63 -12 
-41 -21 -59 -66 -68 -35 -41 -86 -69 -103 -36 -43 -89 -98 -48 -13 -107 -26 -76 -112 -82 -68 -78 -59 -64 -48 -76 -87 -96 -73 -70 -11 -82 -88 -82 -11 -37 -92 -95 -61 -84 -98 -11 -83 -12 -46 -110 -75 -89 -95 -23 -82 -117 -30 -84 -36 -78 -51 -110 -44 -113 -77 -25 -82 -13 -56 -62 -65 -83 -118 -28 -94 -105 -101 -41 -66 -16 -95 -98 -81 -55 -28 -43 -53 -50 -36 -29 -85 -92 -79 -118 -17 -113 -18 -62 -88 -96 -33 -47 -104 
-14 -26 -96 -9 -70 -40 -120 -55 -115 -33 -100 -115 -75 -61 -117 -25 -118 -78 -34 -24 -56 -64 -105 -96 -83 -13 -31 -91 -72 -116 -110 -24 -66 -117 -99 -12 -62 -98 -52 -24 -76 -90 -62 -34 -56 -93 -24 -89 -115 -13 -77 -25 -83 -93 -22 -74 -93 -71 -10 -49 -14 -118 -79 -78 -111 -87 -29 -61 -15 -93 -87 -54 -64 -14 -37 -90 -113 -100 -31 -115 -70 -111 -78 -36 -32 -111 -86 -49 -34 -63 -75 -75 -24 -80 -61 -27 -67 -58 -9 -18 
-78 -113 -77 -58 -14 -19 -65 -26 -69 -18 -62 -112 -102 -27 -89 -111 -106 -93 -11 -76 -41 -49 -105 -56 -117 -42 -45 -11 -49 -90 -106 -24 -15 -90 -36 -51 -90 -64 -56 -110 -10 -16 -110 -84 -75 -13 -120 -115 -66 -23 -67 -102 -111 -107 -20 -106 -76 -63 -108 -89 -70 -31 -17 -15 -92 -26 -64 -19 -98 -76 -32 -93 -28 -77 -67 -14 -37 -22 -87 -76 -14 -108 -35 -93 -120 -39 -28 -77 -28 -14 -51 -26 -73 -66 -70 -33 -83 -12 -39 -77 
-57 -49 -38 -39 -36 -63 -30 -40 -73 -36 -65 -93 -70 -60 -97 -21 -100 -59 -42 -59 -78 -103 -50 -12 -43 -36 -108 -107 -85 -24 -112 -54 -16 -83 -70 -21 -26 -18 -66 -75 -10 -18 -81 -84 -62 -117 -43 -78 -35 -81 -32 -103 -72 -77 -92 -36 -50 -119 -29 -88 -58 -72 -115 -93 -87 -55 -54 -95 -11 -45 -71 -105 -71 -10 -82 -46 -112 -14 -33 -108 -85 -91 -29 -15 -119 -47 -39 -22 -116 -80 -87 -35 -63 -101 -26 -106 -81 -109 -23 -71 
-57 -93 -120 -77 -56 -58 -64 -43 -73 -50 -79 -72 -22 -105 -52 -61 -106 -53 -55 -27 -52 -16 -115 -76 -86 -37 -29 -23 -100 -13 -25 -21 -36 -69 -55 -111 -69 -112 -100 -60 -19 -117 -95 -35 -89 -80 -31 -20 -9 -48 -84 -102 -99 -87 -79 -110 -71 -48 -18 -87 -86 -110 -116 -39 -30 -73 -10 -15 -54 -58 -69 -109 -91 -58 -48 -105 -10 -111 -101 -41 -76 -59 -85 -114 -86 -41 -82 -53 -18 -32 -63 -103 -74 -39 -97 -46 -34 -23 -9 -40 
-49 -36 -63 -39 -113 -39 -17 -62 -66 -29 -78 -115 -14 -38 -91 -52 -60 -114 -108 -80 -117 -93 -40 -31 -71 -33 -32 -65 -73 -113 -88 -9 -57 -74 -67 -38 -38 -39 -77 -50 -85 -79 -64 -86 -40 -42 -93 -45 -100 -120 -80 -90 -97 -31 -106 -112 -32 -18 -56 -10 -89 -83 -24 -112 -19 -88 -76 -64 -26 -84 -44 -36 -29 -80 -74 -26 -113 -87 -76 -89 -113 -112 -83 -75 -100 -99 -21 -95 -106 -106 -114 -33 -84 -66 -74 -61 -51 -65 -107 -16 
-99 -45 -119 -83 -23 -97 -38 -45 -37 -99 -33 -55 -91 -52 -37 -20 -57 -24 -66 -26 -120 -37 -59 -51 -25 -99 -9 -78 -103 -54 -69 -87 -22 -36 -55 -46 -84 -76 -89 -83 -45 -95 -57 -85 -24 -89 -24 -56 -106 -21 -31 -104 -49 -104 -92 -98 -38 -35 -62 -68 -48 -91 -37 -54 -62 -81 -29 -33 -116 -84 -50 -67 -79 -105 -30 -78 -118 -47 -100 -111 -64 -30 -26 -108 -74 -16 -104 -84 -88 -14 -100 -60 -30 -38 -94 -112 -44 -16 -81 -56 
-42 -78 -43 -21 -24 -69 -45 -21 -112 -60 -15 -49 -116 -54 -33 -12 -87 -83 -86 -80 -71 -49 -64 -79 -82 -50 -29 -91 -118 -90 -109 -23 -120 -59 -97 -21 -119 -49 -67 -101 -58 -79 -91 -53 -106 -13 -13 -22 -47 -35 -50 -68 -102 -40 -30 -110 -10 -25 -53 -10 -92 -64 -97 -25 -18 -18 -108 -115 -57 -16 -104 -57 -110 -9 -90 -53 -120 -39 -114 -94 -78 -41 -19 -11 -59 -67 -89 -54 -25 -111 -67 -89 -80 -93 -46 -79 -93 -59 -24 -37 
-80 -107 -76 -65 -59 -36 -75 -44 -75 -77 -102 -96 -114 -54 -40 -94 -40 -76 -102 -103 -38 -78 -88 -92 -53 -53 -89 -47 -43 -20 -40 -53 -32 -110 -39 -42 -38 -113 -13 -41 -116 -119 -112 -10 -97 -115 -113 -65 -117 -70 -112 -92 -16 -30 -33 -78 -20 -68 -83 -41 -68 -100 -11 -93 -43 -63 -70 -36 -67 -44 -109 -91 -47 -59 -113 -104 -59 -94 -26 -63 -23 -22 -17 -58 -38 -33 -105 -27 -13 -51 -106 -14 -24 -101 -105 -28 -37 -97 -58 -71 
-100 -17 -109 -75 -55 -69 -68 -72 -57 -118 -72 -63 -66 -22 -48 -42 -119 -54 -49 -41 -65 -47 -17 -117 -60 -92 -23 -85 -19 -68 -96 -11 -15 -31 -108 -85 -110 -28 -62 -99 -49 -116 -88 -85 -73 -99 -36 -75 -28 -45 -36 -66 -92 -61 -90 -40 -75 -35 -32 -27 -115 -38 -55 -68 -66 -68 -103 -109 -21 -16 -63 -94 -16 -20 -119 -39 -115 -53 -37 -81 -26 -95 -46 -88 -17 -77 -34 -52 -28 -39 -62 -103 -18 -17 -52 -78 -41 -71 -117 -96 
-38 -94 -51 -48 -37 -101 -62 -90 -74 -79 -79 -105 -86 -120 -23 -116 -112 -13 -58 -75 -37 -120 -66 -119 -50 -29 -82 -58 -78 -29 -79 -94 -72 -92 -11 -103 -54 -106 -97 -92 -91 -58 -62 -80 -98 -33 -45 -78 -51 -64 -13 -90 -41 -11 -25 -95 -106 -47 -34 -52 -22 -91 -26 -21 -89 -56 -9 -30 -99 -20 -120 -29 -107 -105 -11 -97 -45 -35 -97 -16 -27 -13 -107 -118 -82 -20 -101 -94 -56 -80 -42 -98 -46 -88 -43 -94 -100 -118 -22 -51 
-118 -101 -26 -93 -72 -31 -102 -30 -45 -86 -36 -55 -53 -56 -83 -118 -26 -34 -72 -113 -31 -106 -97 -38 -65 -50 -27 -116 -27 -13 -72 -37 -81 -83 -59 -43 -96 -29 -30 -95 -10 -72 -29 -73 -24 -12 -19 -24 -84 -33 -26 -80 -56 -80 -110 -90 -21 -64 -51 -13 -101 -107 -64 -111 -81 -20 -54 -102 -42 -56 -111 -58 -94 -21 -110 -17 -102 -75 -19 -50 -101 -53 -81 -64 -113 -37 -87 -31 -87 -13 -91 -35 -12 -111 -64 -87 -98 -26 -59 -112 
-105 -77 -106 -45 -95 -22 -119 -32 -19 -118 -31 -106 -59 -22 -88 -81 -85 -98 -33 -13 -41 -57 -91 -29 -21 -115 -53 -77 -106 -91 -51 -29 -14 -68 -41 -63 -87 -69 -109 -85 -26 -64 -79 -97 -87 -94 -30 -89 -36 -20 -101 -34 -50 -97 -99 -120 -86 -78 -55 -99 -68 -85 -57 -90 -25 -46 -116 -62 -62 -113 -109 -88 -16 -19 -97 -23 -10 -105 -119 -78 -63 -66 -46 -77 -52 -77 -56 -100 -68 -96 -117 -53 -91 -77 -55 -41 -76 -108 -48 -80 
-98 -115 -27 -72 -24 -113 -102 -101 -113 -41 -107 -24 -16 -95 -67 -79 -96 -57 -74 -22 -45 -71 -110 -48 -105 -77 -75 -107 -71 -95 -25 -106 -92 -106 -15 -17 -10 -103 -26 -38 -78 -73 -92 -47 -36 -59 -48 -71 -36 -70 -47 -67 -11 -25 -42 -75 -53 -118 -77 -43 -29 -120 -35 -27 -84 -114 -24 -19 -14 -90 -16 -75 -38 -85 -72 -119 -111 -52 -11 -100 -119 -39 -48 -53 -113 -31 -114 -96 -40 -80 -111 -114 -25 -43 -113 -111 -105 -108 -13 -115 
-41 -68 -110 -14 -92 -74 -86 -94 -108 -86 -37 -48 -83 -109 -82 -49 -48 -81 -16 -44 -83 -97 -31 -54 -119 -88 -81 -72 -33 -22 -44 -84 -111 -95 -39 -117 -103 -54 -110 -36 -58 -73 -62 -32 -85 -54 -65 -110 -57 -46 -99 -69 -64 -94 -10 -102 -36 -16 -68 -64 -33 -22 -94 -108 -60 -114 -73 -88 -48 -55 -116 -38 -22 -84 -51 -101 -59 -30 -57 -100 -23 -33 -97 -66 -21 -116 -13 -31 -73 -63 -87 -51 -69 -13 -54 -80 -16 -83 -109 -38 
-26 -92 -84 -118 -87 -44 -120 -77 -103 -31 -76 -27 -21 -93 -110 -91 -72 -79 -96 -85 -74 -17 -80 -45 -118 -114 -101 -53 -56 -50 -59 -98 -51 -81 -93 -14 -102 -117 -94 -54 -10 -69 -20 -81 -55 -88 -84 -95 -86 -88 -32 -103 -70 -60 -11 -106 -41 -105 -30 -25 -38 -120 -44 -59 -12 -14 -89 -32 -79 -29 -14 -120 -106 -32 -110 -69 -55 -48 -71 -65 -37 -71 -104 -109 -53 -13 -114 -71 -51 -106 -83 -23 -21 -65 -68 -25 -82 -18 -95 -11 
-93 -92 -101 -69 -24 -29 -120 -51 -80 -64 -15 -28 -101 -53 -73 -78 -75 -65 -31 -60 -88 -44 -58 -87 -35 -56 -91 -11 -45 -103 -61 -109 -70 -88 -76 -32 -102 -14 -67 -15 -66 -72 -76 -33 -84 -22 -78 -83 -55 -106 -115 -13 -54 -11 -66 -25 -9 -53 -47 -114 -28 -73 -94 -44 -58 -74 -95 -19 -34 -90 -18 -97 -110 -18 -40 -90 -96 -74 -70 -24 -9 -87 -46 -77 -85 -105 -89 -103 -54 -86 -112 -117 -78 -73 -51 -38 -41 -89 -118 -44 
-100 -55 -109 -98 -52 -49 -16 -27 -80 -45 -49 -21 -86 -100 -39 -118 -111 -38 -24 -82 -54 -50 -88 -37 -44 -26 -56 -61 -23 -16 -29 -88 -11 -45 -118 -116 -112 -50 -97 -101 -75 -21 -95 -27 -42 -101 -34 -33 -109 -97 -71 -10 -14 -86 -23 -76 -64 -67 -105 -69 -82 -82 -29 -24 -41 -28 -24 -64 -61 -55 -43 -11 -54 -16 -101 -55 -73 -119 -35 -65 -74 -44 -40 -16 -68 -82 -39 -43 -75 -85 -113 -45 -91 -21 -19 -60 -23 -58 -86 -30 
-27 -43 -49 -91 -58 -65 -20 -14 -110 -17 -27 -23 -89 -115 -43 -91 -74 -11 -112 -35 -73 -35 -67 -33 -38 -15 -51 -76 -48 -44 -81 -23 -21 -57 -60 -27 -119 -119 -33 -78 -20 -11 -23 -79 -36 -108 -10 -47 -14 -120 -68 -57 -108 -76 -11 -49 -15 -93 -58 -38 -35 -62 -46 -10 -23 -76 -42 -16 -117 -79 -44 -96 -68 -108 -81 -31 -49 -73 -70 -74 -33 -35 -41 -61 -35 -59 -79 -117 -30 -55 -101 -29 -81 -12 -84 -9 -112 -102 -9 -75 
-87 -56 -120 -50 -83 -116 -23 -47 -19 -45 -92 -91 -83 -28 -62 -117 -29 -43 -59 -54 -111 -58 -14 -39 -66 -88 -90 -102 -9 -88 -64 -77 -57 -29 -80 -14 -86 -10 -20 -85 -36 -53 -28 -107 -38 -48 -35 -45 -118 -117 -104 -42 -111 -95 -55 -47 -55 -44 -101 -100 -109 -29 -11 -76 -83 -66 -80 -97 -107 -65 -101 -105 -85 -106 -71 -49 -43 -60 -99 -105 -94 -60 -74 -108 -103 -111 -105 -89 -85 -55 -41 -21 -80 -18 -58 -62 -24 -52 -74 -40 
-29 -69 -14 -40 -56 -119 -15 -39 -52 -54 -42 -88 -80 -89 -60 -29 -86 -24 -9 -22 -76 -37 -67 -9 -47 -15 -28 -59 -93 -76 -91 -85 -82 -14 -74 -64 -42 -61 -38 -17 -18 -41 -65 -104 -13 -76 -29 -91 -57 -93 -102 -85 -39 -60 -109 -108 -107 -95 -107 -99 -94 -94 -61 -46 -76 -50 -62 -74 -47 -80 -11 -37 -92 -22 -65 -16 -82 -84 -39 -60 -42 -29 -95 -24 -118 -118 -99 -89 -102 -104 -41 -64 -15 -23 -18 -76 -42 -106 -57 -73 
-85 -80 -10 -49 -9 -92 -72 -118 -97 -66 -23 -83 -114 -53 -101 -81 -39 -11 -83 -16 -111 -28 -99 -44 -45 -28 -67 -27 -55 -31 -78 -13 -93 -11 -75 -19 -33 -75 -17 -117 -101 -61 -89 -23 -60 -59 -107 -18 -28 -97 -76 -11 -76 -97 -56 -35 -90 -99 -115 -54 -46 -10 -24 -63 -13 -18 -25 -74 -72 -51 -50 -80 -58 -103 -27 -112 -81 -82 -80 -65 -29 -46 -41 -98 -113 -73 -16 -16 -19 -113 -106 -60 -22 -94 -61 -55 -9 -74 -87 -61 
-43 -116 -77 -32 -91 -48 -56 -115 -39 -32 -98 -94 -62 -103 -36 -84 -88 -46 -98 -52 -13 -113 -49 -113 -15 -25 -69 -32 -94 -20 -75 -31 -18 -81 -83 -69 -13 -62 -113 -48 -100 -73 -57 -45 -94 -104 -38 -76 -83 -63 -109 -16 -91 -76 -71 -33 -93 -102 -46 -79 -86 -23 -9 -92 -85 -11 -25 -45 -14 -85 -14 -57 -43 -41 -75 -65 -89 -9 -99 -13 -108 -57 -84 -40 -114 -119 -88 -70 -62 -75 -18 -36 -52 -71 -82 -68 -72 -18 -83 -83 
-112 -83 -32 -22 -59 -70 -45 -85 -66 -18 -9 -82 -54 -107 -63 -98 -61 -72 -68 -64 -110 -25 -71 -115 -17 -29 -77 -112 -66 -24 -51 -80 -114 -65 -17 -110 -74 -92 -43 -118 -78 -37 -24 -102 -66 -59 -30 -23 -19 -62 -69 -70 -84 -109 -99 -118 -106 -53 -48 -104 -113 -77 -100 -79 -41 -73 -78 -105 -73 -64 -106 -83 -23 -54 -103 -35 -89 -38 -68 -22 -108 -94 -22 -88 -41 -119 -96 -15 -106 -14 -42 -59 -10 -69 -71 -114 -86 -21 -56 -64 
-60 -117 -39 -32 -72 -111 -17 -96 -44 -53 -61 -66 -90 -38 -30 -40 -120 -41 -38 -119 -44 -17 -95 -37 -52 -44 -20 -25 -66 -108 -18 -108 -18 -35 -82 -99 -87 -25 -27 -111 -32 -64 -73 -107 -35 -63 -51 -48 -104 -79 -43 -60 -46 -26 -25 -10 -116 -31 -17 -10 -53 -36 -31 -50 -86 -49 -22 -93 -110 -87 -29 -104 -51 -106 -63 -59 -75 -115 -48 -58 -117 -34 -99 -97 -95 -12 -74 -83 -28 -51 -80 -79 -14 -119 -18 -105 -100 -53 -117 -57 
-120 -20 -30 -46 -12 -13 -103 -86 -42 -58 -17 -74 -106 -50 -113 -47 -19 -119 -19 -71 -61 -12 -57 -17 -116 -15 -23 -32 -85 -120 -35 -78 -63 -45 -113 -93 -12 -111 -92 -32 -39 -20 -105 -75 -81 -75 -76 -70 -58 -36 -100 -72 -97 -88 -76 -77 -42 -50 -82 -28 -14 -10 -33 -64 -95 -71 -87 -89 -20 -84 -90 -94 -13 -51 -19 -65 -37 -21 -56 -48 -52 -89 -76 -69 -53 -120 -12 -82 -82 -57 -74 -18 -55 -109 -35 -23 -77 -9 -57 -15 
-95 -65 -90 -11 -85 -78 -70 -93 -47 -54 -76 -74 -80 -74 -54 -20 -66 -106 -27 -70 -80 -54 -78 -95 -95 -70 -52 -26 -93 -26 -87 -15 -11 -31 -43 -76 -19 -11 -34 -71 -27 -25 -103 -100 -11 -73 -39 -50 -98 -40 -35 -86 -37 -94 -92 -105 -71 -43 -28 -21 -116 -114 -118 -82 -41 -100 -94 -88 -76 -28 -44 -77 -70 -35 -102 -22 -119 -78 -117 -68 -54 -98 -94 -47 -104 -25 -33 -31 -118 -68 -43 -72 -37 -62 -48 -25 -117 -82 -27 -53 
-99 -109 -101 -20 -53 -98 -69 -12 -109 -104 -116 -118 -16 -68 -14 -30 -17 -85 -28 -47 -119 -29 -100 -109 -82 -28 -20 -32 -104 -108 -96 -115 -25 -119 -43 -69 -91 -16 -42 -58 -30 -25 -116 -29 -66 -119 -44 -37 -75 -33 -14 -120 -71 -94 -112 -114 -96 -81 -55 -46 -56 -102 -12 -95 -95 -50 -47 -69 -105 -12 -102 -77 -15 -30 -26 -9 -114 -97 -26 -86 -65 -14 -29 -80 -116 -14 -63 -51 -114 -81 -24 -52 -105 -79 -110 -22 -113 -70 -66 -52 
-106 -43 -31 -44 -78 -89 -85 -46 -89 -115 -70 -111 -84 -100 -119 -71 -112 -107 -27 -108 -58 -31 -68 -118 -106 -9 -117 -34 -20 -116 -112 -99 -68 -102 -47 -33 -43 -111 -89 -23 -118 -91 -87 -94 -16 -35 -112 -18 -85 -89 -78 -96 -89 -79 -90 -25 -71 -33 -86 -99 -62 -55 -110 -79 -89 -91 -24 -83 -48 -88 -92 -52 -34 -71 -45 -44 -34 -80 -62 -106 -44 -15 -55 -98 -75 -14 -111 -19 -65 -38 -101 -27 -120 -111 -79 -53 -46 -91 -55 -62 
-63 -14 -18 -71 -105 -62 -93 -69 -9 -37 -87 -117 -43 -94 -83 -58 -106 -73 -55 -82 -83 -60 -95 -81 -93 -71 -39 -38 -106 -120 -45 -9 -51 -73 -30 -35 -77 -86 -74 -18 -53 -99 -69 -61 -117 -90 -45 -33 -30 -30 -65 -40 -83 -33 -32 -63 -62 -46 -69 -81 -74 -14 -34 -105 -113 -46 -60 -26 -10 -38 -95 -10 -77 -62 -35 -118 -26 -109 -111 -107 -52 -98 -94 -23 -66 -16 -109 -111 -62 -67 -57 -52 -20 -9 -54 -66 -81 -15 -30 -43 
-30 -87 -42 -116 -120 -40 -62 -64 -109 -18 -72 -48 -51 -67 -23 -49 -83 -42 -109 -88 -12 -110 -48 -31 -104 -106 -110 -37 -68 -97 -107 -12 -87 -9 -24 -65 -51 -15 -51 -114 -66 -13 -20 -68 -93 -33 -41 -49 -119 -33 -55 -26 -37 -18 -81 -119 -112 -65 -117 -96 -90 -22 -28 -38 -48 -115 -90 -62 -105 -22 -76 -94 -57 -42 -47 -10 -83 -77 -73 -53 -44 -40 -77 -104 -48 -41 -43 -99 -21 -12 -55 -20 -65 -56 -11 -27 -63 -111 -86 -70 
-36 -19 -62 -21 -61 -119 -11 -103 -33 -96 -54 -84 -110 -80 -64 -84 -58 -85 -74 -50 -83 -114 -117 -67 -36 -55 -50 -102 -96 -74 -104 -42 -77 -33 -29 -54 -81 -88 -105 -65 -104 -50 -87 -37 -107 -95 -46 -98 -51 -69 -92 -62 -11 -28 -24 -118 -40 -107 -75 -59 -67 -102 -16 -21 -77 -30 -95 -15 -54 -68 -14 -21 -55 -71 -59 -102 -22 -49 -70 -25 -15 -25 -9 -89 -56 -40 -93 -81 -102 -105 -113 -117 -33 -67 -47 -62 -118 -108 -112 -99 
-38 -34 -19 -15 -10 -116 -27 -69 -110 -58 -83 -15 -102 -38 -115 -115 -50 -34 -10 -34 -33 -109 -97 -74 -100 -94 -110 -50 -69 -19 -72 -16 -18 -86 -45 -98 -24 -38 -87 -103 -115 -39 -75 -21 -100 -15 -77 -103 -82 -48 -97 -107 -104 -47 -103 -103 -93 -57 -78 -13 -42 -94 -85 -25 -73 -14 -93 -60 -40 -53 -73 -32 -117 -100 -28 -45 -110 -102 -66 -29 -28 -46 -95 -118 -48 -24 -40 -30 -114 -50 -99 -47 -10 -65 -9 -46 -81 -109 -26 -86 
-29 -61 -84 -50 -22 -41 -44 -31 -94 -19 -42 -64 -54 -38 -15 -71 -112 -24 -86 -74 -49 -48 -116 -109 -72 -59 -22 -26 -41 -118 -116 -81 -78 -46 -39 -60 -79 -92 -30 -101 -66 -10 -41 -94 -41 -68 -92 -62 -117 -68 -28 -70 -100 -88 -22 -69 -75 -32 -62 -22 -56 -30 -112 -107 -28 -14 -74 -76 -103 -70 -55 -120 -41 -76 -20 -105 -47 -58 -32 -48 -85 -50 -26 -120 -44 -78 -98 -79 -66 -12 -72 -83 -56 -90 -120 -77 -10 -15 -15 -20 
-46 -12 -106 -69 -83 -83 -23 -112 -105 -60 -112 -56 -100 -72 -25 -46 -69 -65 -100 -44 -92 -27 -106 -86 -113 -101 -100 -101 -71 -84 -91 -120 -77 -90 -14 -115 -120 -26 -37 -29 -45 -117 -70 -37 -55 -50 -18 -20 -110 -36 -46 -42 -104 -92 -60 -59 -13 -38 -40 -108 -112 -39 -96 -102 -76 -60 -55 -30 -120 -28 -67 -57 -33 -118 -109 -63 -15 -20 -20 -62 -17 -89 -95 -45 -36 -44 -25 -103 -56 -42 -76 -83 -74 -105 -108 -21 -18 -47 -64 -45 
-102 -101 -31 -91 -27 -16 -100 -95 -45 -35 -102 -32 -30 -88 -110 -12 -91 -77 -9 -24 -22 -50 -109 -77 -119 -96 -107 -83 -52 -104 -76 -73 -52 -53 -60 -62 -93 -76 -66 -15 -34 -64 -23 -39 -89 -77 -82 -74 -26 -49 -29 -80 -76 -14 -68 -57 -93 -71 -65 -116 -53 -26 -69 -40 -22 -80 -51 -50 -38 -39 -43 -11 -67 -107 -21 -71 -67 -120 -62 -80 -118 -112 -104 -80 -115 -110 -80 -83 -53 -115 -114 -119 -73 -70 -113 -80 -96 -70 -55 -83 
-110 -101 -89 -43 -88 -23 -24 -115 -114 -104 -11 -17 -114 -16 -54 -22 -120 -46 -17 -13 -13 -101 -55 -116 -68 -77 -96 -106 -95 -81 -24 -115 -36 -91 -109 -16 -25 -92 -44 -60 -47 -110 -10 -43 -70 -15 -56 -98 -68 -102 -38 -46 -82 -73 -30 -24 -17 -113 -117 -71 -75 -57 -99 -103 -69 -30 -71 -47 -80 -91 -70 -32 -51 -44 -60 -37 -29 -28 -103 -30 -81 -32 -68 -78 -22 -35 -101 -117 -93 -20 -13 -115 -52 -12 -70 -28 -57 -81 -86 -81 
-116 -111 -31 -75 -39 -108 -69 -49 -99 -81 -68 -60 -29 -34 -18 -59 -20 -76 -23 -18 -39 -42 -11 -31 -26 -61 -83 -60 -67 -44 -91 -34 -76 -52 -35 -118 -18 -81 -119 -55 -38 -30 -51 -95 -68 -55 -94 -35 -37 -94 -46 -50 -16 -37 -66 -33 -32 -44 -13 -43 -53 -104 -115 -83 -92 -109 -115 -90 -65 -77 -12 -120 -74 -107 -65 -76 -9 -53 -63 -65 -110 -75 -69 -82 -91 -97 -75 -64 -56 -111 -82 -45 -92 -33 -10 -10 -79 -74 -54 -15 
-104 -18 -29 -79 -75 -79 -50 -19 -42 -76 -87 -37 -90 -46 -13 -49 -58 -51 -91 -26 -113 -92 -88 -46 -15 -113 -61 -40 -74 -10 -66 -57 -36 -83 -81 -51 -19 -14 -12 -25 -26 -54 -61 -84 -76 -70 -56 -113 -37 -28 -38 -89 -72 -48 -104 -79 -40 -79 -20 -77 -15 -38 -21 -29 -86 -89 -40 -75 -72 -34 -85 -30 -11 -84 -103 -84 -41 -108 -75 -38 -116 -120 -83 -76 -109 -46 -69 -57 -98 -104 -109 -33 -92 -49 -57 -119 -114 -39 -113 -32 
-114 -89 -71 -82 -112 -98 -85 -88 -97 -96 -28 -119 -109 -92 -35 -20 -62 -86 -83 -105 -113 -51 -64 -28 -17 -70 -29 -23 -15 -83 -47 -65 -25 -30 -13 -57 -99 -109 -104 -42 -89 -18 -76 -39 -93 -96 -87 -9 -96 -46 -33 -28 -59 -75 -45 -107 -60 -80 -102 -86 -52 -79 -13 -54 -50 -114 -116 -30 -18 -11 -110 -66 -103 -42 -83 -57 -87 -105 -37 -46 -43 -74 -58 -51 -109 -56 -83 -90 -116 -26 -35 -36 -87 -96 -61 -96 -19 -107 -89 -116 
-110 -77 -32 -76 -57 -75 -39 -111 -52 -56 -48 -21 -89 -115 -98 -44 -33 -85 -16 -70 -113 -108 -89 -63 -27 -77 -28 -109 -118 -97 -113 -90 -118 -69 -94 -55 -100 -50 -51 -9 -56 -104 -77 -62 -65 -38 -38 -21 -23 -68 -14 -14 -106 -66 -28 -39 -67 -116 -10 -62 -19 -66 -59 -93 -56 -61 -53 -65 -87 -103 -84 -67 -30 -56 -83 -38 -34 -69 -112 -68 -117 -91 -42 -63 -96 -113 -22 -55 -118 -81 -45 -89 -19 -58 -100 -118 -13 -19 -16 -58 
-108 -108 -87 -26 -95 -120 -49 -66 -65 -25 -95 -76 -12 -73 -30 -75 -56 -42 -65 -75 -21 -66 -97 -44 -109 -55 -85 -29 -104 -112 -98 -20 -108 -106 -71 -33 -96 -27 -60 -39 -98 -105 -118 -116 -109 -14 -68 -92 -99 -50 -87 -56 -100 -93 -45 -104 -82 -70 -62 -101 -103 -63 -12 -49 -27 -105 -37 -77 -10 -47 -70 -34 -40 -120 -36 -81 -67 -116 -90 -100 -79 -39 -19 -61 -56 -115 -73 -116 -31 -100 -47 -78 -59 -51 -79 -66 -107 -89 -84 -21 
-31 -102 -38 -110 -14 -15 -46 -12 -11 -77 -104 -42 -54 -15 -10 -107 -95 -89 -54 -61 -36 -57 -119 -111 -115 -73 -114 -70 -71 -10 -12 -68 -97 -25 -102 -49 -64 -70 -59 -46 -10 -23 -46 -87 -39 -111 -56 -36 -15 -117 -99 -11 -34 -99 -102 -60 -115 -91 -111 -45 -63 -35 -61 -46 -23 -120 -68 -50 -66 -45 -72 -56 -101 -60 -41 -53 -31 -119 -44 -79 -43 -71 -94 -68 -64 -70 -48 -13 -56 -118 -16 -61 -91 -60 -78 -62 -53 -46 -92 -17 
-42 -19 -70 -85 -72 -71 -109 -26 -107 -10 -43 -26 -117 -115 -48 -54 -63 -87 -91 -32 -115 -20 -23 -49 -32 -24 -57 -98 -96 -17 -91 -87 -12 -103 -88 -18 -102 -43 -54 -87 -95 -20 -86 -30 -9 -28 -28 -113 -60 -79 -38 -25 -59 -108 -78 -102 -92 -77 -53 -55 -29 -111 -72 -68 -38 -85 -120 -27 -9 -109 -50 -24 -108 -98 -87 -115 -68 -72 -93 -20 -101 -85 -22 -99 -81 -74 -82 -108 -64 -76 -79 -73 -36 -94 -69 -15 -65 -80 -88 -72 
-11 -28 -87 -78 -10 -111 -115 -37 -90 -120 -83 -105 -80 -94 -22 -69 -85 -70 -22 -22 -59 -28 -16 -111 -56 -51 -45 -24 -90 -66 -61 -87 -112 -11 -36 -22 -118 -51 -95 -69 -99 -59 -31 -39 -107 -70 -120 -117 -14 -95 -98 -71 -70 -97 -75 -113 -76 -44 -30 -36 -45 -23 -10 -16 -109 -51 -12 -88 -41 -90 -80 -62 -77 -53 -53 -119 -17 -40 -37 -72 -10 -55 -113 -36 -54 -111 -35 -35 -80 -101 -116 -74 -20 -107 -49 -117 -117 -89 -58 -59 
-58 -107 -117 -51 -22 -27 -58 -103 -44 -59 -31 -67 -83 -55 -105 -69 -68 -35 -21 -100 -62 -111 -86 -97 -93 -30 -22 -25 -94 -78 -18 -23 -15 -64 -52 -109 -30 -45 -26 -44 -96 -87 -40 -60 -73 -65 -71 -58 -37 -80 -65 -73 -10 -54 -58 -117 -72 -60 -55 -13 -96 -103 -49 -76 -13 -109 -43 -56 -101 -99 -103 -73 -51 -62 -62 -19 -86 -41 -111 -27 -17 -63 -99 -93 -22 -62 -48 -112 -64 -35 -29 -50 -118 -108 -65 -101 -48 -94 -42 -110 
-14 -120 -41 -78 -74 -52 -83 -113 -47 -34 -94 -46 -84 -58 -53 -51 -58 -39 -62 -65 -75 -80 -11 -44 -101 -117 -56 -26 -28 -84 -10 -105 -57 -20 -95 -37 -79 -43 -53 -108 -45 -105 -46 -100 -79 -117 -37 -51 -106 -29 -72 -22 -28 -26 -96 -110 -87 -79 -25 -74 -59 -89 -58 -51 -24 -85 -119 -35 -99 -46 -62 -10 -80 -71 -57 -37 -14 -30 -55 -89 -64 -89 -34 -76 -118 -38 -113 -82 -91 -27 -61 -38 -42 -14 -108 -113 -107 -12 -52 -53 
-50 -97 -19 -111 -115 -88 -19 -65 -110 -45 -70 -55 -65 -47 -63 -83 -113 -26 -12 -114 -31 -20 -108 -76 -20 -28 -59 -112 -118 -38 -50 -101 -69 -43 -118 -97 -47 -95 -96 -70 -90 -62 -25 -17 -68 -99 -45 -14 -64 -99 -35 -11 -91 -54 -54 -66 -33 -19 -40 -106 -92 -68 -10 -54 -116 -33 -94 -80 -86 -79 -10 -40 -19 -100 -12 -109 -78 -20 -72 -68 -101 -87 -30 -45 -65 -30 -97 -32 -84 -25 -105 -110 -13 -76 -80 -111 -46 -22 -53 -10 
-10 -25 -99 -9 -71 -77 -38 -10 -80 -9 -90 -54 -22 -112 -27 -52 -73 -41 -21 -86 -103 -10 -29 -74 -70 -63 -87 -49 -112 -117 -63 -49 -93 -26 -119 -12 -45 -50 -82 -71 -42 -95 -19 -100 -86 -22 -116 -98 -42 -28 -51 -67 -71 -66 -96 -97 -98 -12 -108 -106 -57 -59 -73 -105 -58 -54 -61 -27 -85 -68 -102 -25 -90 -31 -91 -109 -37 -17 -15 -101 -78 -25 -88 -117 -20 -10 -114 -89 -103 -113 -50 -93 -46 -31 -24 -62 -13 -30 -87 -90 
-60 -52 -90 -114 -81 -120 -99 -83 -27 -96 -108 -62 -27 -115 -70 -109 -115 -55 -80 -17 -96 -77 -61 -43 -112 -105 -36 -105 -108 -82 -37 -100 -23 -20 -60 -113 -22 -97 -88 -78 -87 -117 -49 -74 -50 -29 -111 -46 -94 -82 -93 -85 -59 -101 -114 -63 -43 -53 -90 -62 -105 -94 -86 -48 -47 -17 -91 -59 -107 -76 -54 -57 -16 -36 -112 -55 -51 -72 -18 -87 -68 -99 -49 -102 -65 -91 -60 -10 -66 -58 -39 -100 -60 -21 -19 -49 -98 -61 -103 -110 
-61 -40 -70 -43 -51 -74 -85 -94 -118 -94 -17 -65 -85 -73 -17 -9 -87 -120 -67 -103 -73 -104 -100 -29 -56 -48 -101 -77 -66 -64 -117 -38 -77 -44 -85 -99 -34 -92 -50 -29 -46 -58 -97 -116 -109 -87 -14 -107 -120 -49 -39 -114 -79 -35 -76 -84 -50 -25 -119 -120 -106 -70 -28 -86 -69 -11 -94 -74 -114 -31 -14 -100 -45 -78 -76 -67 -100 -20 -73 -14 -62 -77 -48 -25 -78 -9 -86 -40 -80 -115 -14 -81 -14 -45 -117 -56 -109 -31 -65 -33 
-12 -39 -113 -68 -51 -34 -38 -28 -71 -113 -52 -26 -52 -24 -25 -112 -115 -11 -90 -99 -79 -107 -49 -94 -106 -71 -15 -111 -76 -52 -30 -47 -46 -76 -68 -117 -46 -108 -49 -92 -27 -10 -92 -56 -16 -15 -32 -53 -22 -112 -55 -21 -18 -47 -120 -96 -114 -91 -37 -33 -114 -57 -85 -111 -27 -63 -46 -25 -57 -115 -112 -116 -116 -60 -93 -87 -78 -32 -115 -82 -58 -105 -86 -73 -101 -18 -39 -43 -15 -54 -73 -91 -71 -120 -96 -88 -94 -115 -119 -118 
-75 -53 -72 -12 -104 -89 -34 -64 -48 -44 -118 -75 -16 -87 -75 -95 -104 -21 -77 -55 -40 -103 -12 -119 -20 -49 -54 -54 -49 -20 -104 -99 -101 -107 -53 -55 -51 -11 -72 -102 -81 -100 -31 -87 -16 -66 -55 -109 -49 -44 -117 -81 -35 -37 -104 -23 -31 -90 -118 -44 -101 -116 -61 -110 -105 -109 -42 -19 -33 -41 -32 -33 -63 -114 -59 -32 -113 -67 -112 -81 -115 -79 -35 -19 -96 -65 -40 -72 -71 -9 -67 -66 -26 -96 -21 -22 -83 -59 -48 -10 
-119 -94 -54 -99 -75 -29 -11 -111 -100 -49 -55 -27 -58 -58 -23 -30 -108 -44 -38 -27 -103 -16 -35 -83 -55 -87 -115 -106 -105 -110 -35 -118 -25 -40 -14 -77 -57 -107 -86 -40 -119 -35 -73 -108 -29 -74 -47 -53 -72 -30 -13 -20 -103 -58 -56 -65 -67 -37 -18 -89 -84 -71 -61 -97 -70 -16 -27 -94 -10 -108 -22 -16 -45 -57 -80 -63 -47 -40 -26 -18 -24 -82 -63 -44 -115 -109 -82 -72 -24 -108 -50 -113 -63 -70 -90 -20 -11 -20 -107 -21 
-19 -78 -37 -53 -57 -10 -70 -101 -41 -115 -73 -59 -11 -42 -72 -92 -117 -36 -87 -99 -54 -104 -43 -28 -87 -88 -47 -37 -115 -20 -21 -63 -40 -34 -42 -86 -93 -75 -61 -15 -95 -19 -45 -43 -38 -72 -38 -115 -17 -76 -97 -81 -62 -44 -13 -85 -59 -56 -25 -14 -85 -82 -48 -43 -25 -118 -88 -20 -26 -35 -48 -117 -12 -28 -74 -79 -83 -82 -53 -29 -43 -44 -64 -74 -70 -108 -96 -90 -20 -50 -82 -34 -111 -54 -89 -108 -113 -118 -87 -76 
-87 -90 -103 -44 -76 -57 -105 -74 -12 -85 -16 -47 -44 -15 -113 -25 -23 -32 -53 -95 -55 -115 -21 -43 -18 -65 -60 -48 -90 -31 -12 -97 -109 -74 -20 -19 -59 -62 -40 -77 -80 -87 -73 -60 -26 -29 -59 -12 -120 -58 -18 -59 -98 -62 -43 -58 -69 -14 -49 -15 -117 -105 -19 -36 -89 -61 -119 -80 -47 -89 -53 -59 -58 -22 -20 -77 -115 -62 -115 -15 -29 -72 -99 -69 -41 -26 -96 -36 -84 -12 -71 -112 -28 -44 -87 -48 -29 -26 -42 -33 
-31 -34 -51 -59 -22 -60 -76 -56 -93 -67 -32 -64 -90 -84 -92 -20 -66 -77 -16 -111 -22 -45 -75 -34 -63 -64 -61 -14 -110 -64 -20 -29 -65 -66 -92 -120 -45 -90 -81 -119 -73 -107 -103 -65 -104 -14 -62 -79 -65 -86 -115 -56 -36 -13 -11 -15 -107 -22 -97 -84 -37 -16 -81 -49 -42 -97 -36 -93 -60 -114 -70 -118 -34 -83 -61 -14 -47 -11 -50 -52 -98 -93 -105 -95 -49 -58 -117 -34 -80 -116 -71 -96 -24 -74 -12 -9 -42 -38 -55 -94 
-48 -69 -110 -75 -77 -65 -79 -81 -45 -99 -75 -83 -54 -73 -21 -81 -113 -114 -70 -49 -70 -32 -90 -39 -104 -114 -39 -30 -51 -47 -97 -111 -10 -17 -71 -72 -60 -74 -58 -102 -76 -69 -74 -24 -57 -56 -86 -81 -74 -80 -70 -101 -53 -38 -113 -61 -29 -106 -25 -95 -80 -82 -50 -96 -17 -83 -46 -22 -92 -68 -83 -11 -22 -11 -39 -71 -112 -49 -111 -88 -105 -48 -107 -38 -117 -90 -25 -54 -15 -91 -75 -10 -111 -53 -32 -47 -96 -94 -75 -93 
-20 -113 -23 -20 -40 -81 -33 -64 -13 -60 -105 -93 -69 -73 -35 -117 -39 -62 -54 -31 -80 -75 -75 -40 -15 -93 -38 -119 -32 -27 -97 -69 -73 -52 -20 -67 -63 -20 -67 -28 -38 -51 -64 -61 -79 -86 -84 -120 -120 -77 -102 -20 -26 -89 -30 -101 -53 -73 -48 -95 -38 -62 -83 -66 -114 -108 -73 -114 -52 -106 -44 -94 -41 -35 -118 -24 -42 -119 -83 -69 -107 -101 -78 -92 -100 -70 -74 -52 -63 -46 -50 -76 -84 -105 -70 -48 -50 -12 -84 -45 
-119 -31 -99 -115 -89 -12 -62 -94 -45 -110 -102 -73 -36 -117 -24 -45 -82 -11 -72 -16 -76 -51 -93 -14 -26 -83 -67 -28 -107 -49 -96 -75 -72 -87 -9 -87 -54 -69 -92 -85 -23 -33 -117 -81 -55 -48 -31 -42 -67 -80 -59 -111 -110 -92 -93 -107 -41 -104 -82 -68 -86 -11 -14 -21 -98 -9 -89 -111 -56 -60 -100 -11 -15 -50 -17 -35 -95 -93 -15 -73 -117 -13 -79 -68 -18 -19 -12 -88 -13 -88 -93 -38 -36 -87 -119 -19 -57 -69 -46 -44 
-69 -23 -41 -88 -103 -85 -61 -57 -96 -85 -49 -89 -86 -74 -37 -34 -38 -63 -60 -33 -110 -23 -93 -43 -116 -46 -69 -21 -46 -88 -36 -75 -107 -108 -98 -72 -72 -12 -82 -91 -110 -39 -31 -47 -106 -18 -46 -22 -88 -100 -81 -75 -71 -101 -63 -36 -19 -61 -30 -98 -119 -50 -37 -73 -88 -95 -66 -87 -59 -113 -46 -18 -44 -46 -33 -44 -51 -102 -65 -95 -82 -83 -13 -43 -40 -41 -43 -112 -80 -61 -53 -98 -70 -11 -113 -28 -104 -35 -106 -59 
-100 -99 -119 -41 -66 -90 -28 -29 -104 -13 -99 -40 -87 -105 -60 -16 -52 -87 -12 -54 -65 -50 -15 -56 -11 -9 -11 -111 -46 -120 -55 -36 -118 -26 -86 -68 -90 -31 -114 -47 -87 -102 -34 -112 -76 -32 -112 -101 -51 -113 -101 -11 -54 -82 -91 -49 -77 -75 -82 -115 -51 -81 -53 -101 -65 -82 -31 -103 -26 -22 -34 -117 -80 -62 -17 -111 -37 -29 -56 -21 -14 -70 -104 -68 -38 -24 -64 -30 -110 -57 -36 -44 -57 -54 -95 -97 -106 -19 -56 -11 
-109 -18 -29 -57 -10 -75 -14 -89 -60 -79 -56 -95 -63 -50 -116 -58 -50 -118 -31 -17 -73 -59 -89 -13 -11 -20 -43 -113 -66 -34 -109 -64 -42 -67 -36 -18 -120 -63 -119 -82 -52 -24 -29 -87 -98 -16 -59 -42 -48 -40 -114 -47 -44 -86 -85 -70 -27 -86 -42 -70 -93 -31 -103 -9 -72 -120 -21 -21 -109 -101 -61 -117 -49 -31 -106 -81 -80 -28 -38 -69 -26 -12 -35 -104 -69 -28 -29 -68 -102 -73 -95 -61 -96 -52 -90 -91 -15 -34 -62 -37 
-88 -13 -58 -119 -34 -58 -34 -32 -41 -26 -30 -49 -56 -99 -78 -56 -99 -111 -40 -89 -112 -88 -85 -87 -73 -97 -100 -55 -90 -119 -26 -103 -71 -45 -97 -18 -29 -21 -62 -105 -17 -98 -92 -103 -55 -111 -60 -116 -37 -111 -40 -49 -116 -85 -74 -104 -22 -70 -90 -92 -83 -12 -23 -82 -80 -59 -113 -58 -12 -69 -92 -103 -110 -53 -22 -62 -76 -111 -91 -106 -15 -26 -29 -56 -55 -106 -53 -96 -53 -45 -83 -20 -47 -115 -63 -98 -70 -50 -47 -102 
-9 -93 -70 -40 -112 -56 -45 -26 -94 -87 -72 -38 -92 -36 -60 -76 -83 -13 -99 -22 -83 -113 -117 -86 -79 -118 -24 -83 -40 -78 -52 -90 -84 -113 -9 -88 -62 -19 -46 -107 -105 -45 -58 -104 -111 -115 -104 -96 -16 -22 -87 -62 -49 -49 -49 -36 -78 -118 -81 -13 -19 -110 -107 -77 -114 -72 -59 -33 -106 -56 -18 -28 -49 -67 -91 -49 -18 -111 -56 -35 -112 -16 -59 -35 -57 -77 -72 -10 -17 -83 -117 -67 -22 -59 -99 -79 -118 -17 -15 -79 
-35 -78 -94 -37 -44 -120 -51 -19 -79 -66 -83 -99 -62 -41 -56 -75 -38 -72 -41 -65 -61 -41 -21 -35 -118 -83 -48 -46 -79 -86 -34 -63 -14 -94 -63 -103 -61 -15 -101 -18 -25 -75 -76 -21 -14 -89 -110 -61 -40 -28 -71 -86 -61 -83 -116 -99 -110 -77 -71 -114 -44 -95 -69 -79 -55 -12 -107 -70 -11 -52 -115 -44 -81 -27 -61 -64 -114 -64 -114 -54 -79 -77 -70 -31 -73 -38 -28 -53 -11 -21 -109 -94 -48 -111 -44 -25 -118 -33 -77 -13 
-58 -24 -107 -73 -43 -112 -44 -91 -15 -89 -71 -17 -23 -18 -82 -118 -103 -102 -42 -50 -120 -71 -118 -73 -39 -41 -67 -70 -119 -98 -76 -105 -36 -41 -15 -76 -56 -95 -88 -69 -102 -53 -95 -84 -30 -73 -79 -40 -37 -73 -44 -92 -89 -62 -26 -41 -56 -81 -67 -102 -43 -14 -17 -87 -103 -93 -37 -43 -96 -72 -112 -13 -68 -88 -69 -81 -114 -75 -56 -100 -32 -23 -24 -118 -36 -32 -35 -31 -71 -104 -92 -30 -14 -18 -50 -78 -76 -116 -99 -100 
-51 -10 -45 -119 -49 -40 -83 -87 -26 -55 -113 -31 -40 -116 -37 -45 -66 -47 -35 -65 -115 -17 -104 -65 -84 -110 -96 -53 -24 -94 -68 -113 -94 -38 -42 -24 -16 -21 -15 -73 -83 -24 -84 -93 -46 -78 -33 -48 -63 -102 -79 -48 -10 -40 -86 -52 -43 -61 -101 -55 -83 -119 -71 -57 -23 -55 -75 -13 -32 -35 -34 -90 -95 -117 -21 -69 -110 -97 -90 -78 -41 -99 -107 -106 -84 -48 -46 -70 -56 -100 -78 -17 -56 -40 -69 -104 -16 -23 -96 -104 
-85 -47 -98 -35 -46 -65 -11 -98 -30 -24 -27 -115 -59 -74 -94 -81 -21 -25 -81 -81 -18 -98 -33 -44 -114 -18 -42 -80 -114 -63 -65 -104 -78 -52 -31 -80 -47 -61 -104 -14 -66 -50 -98 -57 -64 -33 -29 -103 -81 -36 -60 -74 -38 -97 -41 -114 -105 -106 -34 -52 -114 -63 -20 -83 -65 -89 -31 -119 -67 -105 -98 -72 -58 -80 -108 -104 -36 -91 -47 -22 -91 -80 -57 -57 -45 -15 -48 -37 -106 -12 -71 -44 -58 -50 -82 -62 -110 -48 -29 -49 
-66 -46 -109 -23 -50 -120 -70 -106 -10 -78 -118 -54 -77 -102 -74 -42 -9 -100 -105 -36 -81 -110 -48 -84 -110 -30 -64 -35 -116 -67 -97 -21 -70 -93 -55 -27 -86 -102 -21 -38 -93 -15 -117 -117 -76 -24 -39 -78 -54 -99 -44 -116 -58 -33 -69 -91 -106 -68 -40 -118 -29 -105 -36 -33 -86 -41 -81 -114 -33 -58 -94 -94 -37 -39 -72 -119 -56 -29 -74 -9 -72 -51 -81 -39 -68 -95 -83 -58 -40 -102 -116 -92 -41 -77 -114 -95 -93 -119 -113 -110 
-63 -40 -47 -11 -76 -68 -38 -113 -23 -55 -103 -27 -109 -99 -73 -90 -81 -103 -72 -67 -72 -115 -33 -115 -50 -81 -68 -111 -84 -108 -10 -61 -76 -53 -100 -49 -101 -53 -60 -98 -44 -38 -110 -120 -44 -80 -9 -30 -31 -18 -22 -18 -112 -98 -111 -101 -33 -46 -89 -53 -87 -11 -43 -51 -29 -32 -29 -89 -48 -43 -46 -49 -96 -92 -81 -39 -84 -111 -59 -15 -107 -92 -17 -82 -49 -23 -109 -35 -75 -111 -11 -115 -31 -31 -38 -112 -98 -117 -104 -45 
-34 -53 -28 -91 -94 -108 -94 -83 -67 -60 -98 -39 -82 -22 -23 -18 -20 -94 -85 -107 -106 -101 -103 -83 -76 -44 -35 -34 -88 -113 -113 -111 -41 -92 -33 -18 -64 -38 -42 -47 -23 -11 -112 -56 -14 -9 -17 -38 -11 -87 -82 -38 -35 -28 -51 -48 -108 -61 -41 -16 -18 -87 -101 -52 -50 -29 -76 -87 -45 -50 -84 -50 -81 -51 -106 -80 -114 -45 -48 -37 -107 -71 -84 -78 -65 -94 -11 -110 -109 -86 -78 -38 -27 -38 -27 -13 -101 -61 -17 -46 
-57 -86 -62 -93 -28 -73 -61 -118 -107 -119 -52 -91 -20 -94 -111 -80 -86 -70 -18 -85 -61 -81 -54 -48 -115 -120 -73 -63 -27 -89 -117 -76 -119 -58 -101 -9 -42 -104 -23 -81 -75 -62 -95 -34 -76 -54 -116 -120 -105 -56 -40 -52 -59 -120 -35 -107 -37 -56 -19 -114 -26 -70 -57 -26 -44 -90 -53 -30 -92 -117 -102 -9 -16 -64 -68 -112 -60 -90 -100 -57 -65 -32 -12 -68 -76 -31 -17 -30 -91 -20 -113 -97 -119 -15 -16 -25 -90 -91 -100 -100 
-27 -74 -69 -34 -33 -57 -34 -13 -59 -96 -76 -114 -43 -16 -14 -22 -33 -91 -48 -43 -82 -26 -52 -35 -93 -20 -38 -41 -58 -60 -74 -53 -110 -29 -80 -119 -34 -81 -119 -94 -24 -27 -84 -98 -81 -95 -33 -93 -108 -25 -76 -76 -46 -28 -94 -27 -26 -60 -113 -16 -98 -12 -26 -46 -40 -65 -12 -78 -99 -65 -56 -25 -29 -91 -26 -107 -30 -28 -120 -72 -15 -118 -40 -96 -108 -112 -18 -85 -12 -79 -64 -79 -40 -66 -35 -17 -59 -108 -65 -92 
-50 -23 -17 -56 -31 -98 -38 -32 -114 -66 -97 -106 -76 -101 -115 -64 -51 -39 -67 -78 -85 -116 -107 -95 -34 -93 -39 -9 -56 -112 -41 -86 -84 -17 -89 -78 -83 -24 -67 -75 -10 -70 -57 -95 -27 -108 -94 -91 -28 -100 -18 -17 -43 -113 -57 -87 -10 -38 -64 -55 -92 -110 -73 -81 -120 -39 -23 -52 -49 -22 -12 -73 -56 -54 -59 -77 -96 -56 -108 -109 -59 -33 -118 -49 -32 -21 -26 -105 -103 -45 -66 -86 -81 -110 -31 -96 -107 -41 -17 -112 
-69 -25 -84 -28 -111 -102 -105 -41 -93 -32 -56 -60 -50 -97 -117 -99 -79 -69 -48 -112 -71 -77 -87 -25 -32 -106 -49 -87 -68 -66 -24 -61 -94 -10 -15 -70 -99 -48 -109 -96 -118 -38 -114 -56 -62 -21 -9 -120 -86 -65 -110 -44 -31 -53 -29 -109 -37 -68 -109 -47 -17 -108 -51 -40 -56 -95 -60 -70 -57 -36 -72 -110 -13 -97 -92 -30 -45 -47 -35 -58 -101 -46 -45 -87 -12 -118 -82 -28 -39 -73 -80 -110 -108 -94 -44 -29 -24 -25 -50 -53 
-28 -51 -102 -81 -105 -52 -97 -59 -61 -107 -33 -23 -52 -79 -80 -115 -30 -117 -31 -41 -76 -93 -104 -95 -54 -59 -32 -44 -36 -53 -89 -68 -31 -95 -50 -15 -110 -13 -10 -20 -14 -33 -107 -99 -119 -119 -53 -30 -66 -111 -19 -39 -34 -68 -99 -65 -34 -60 -10 -88 -32 -54 -70 -95 -50 -31 -65 -30 -29 -84 -119 -91 -23 -116 -111 -75 -97 -75 -111 -17 -71 -72 -17 -82 -62 -11 -49 -38 -119 -109 -85 -24 -89 -105 -64 -14 -16 -16 -82 -109 
-111 -17 -98 -107 -42 -44 -80 -54 -109 -24 -53 -106 -26 -81 -66 -68 -81 -82 -90 -45 -27 -104 -66 -86 -66 -101 -51 -88 -27 -29 -62 -47 -83 -104 -52 -99 -59 -118 -17 -72 -53 -105 -102 -48 -23 -45 -97 -102 -104 -32 -98 -34 -86 -56 -40 -20 -52 -60 -94 -73 -91 -13 -115 -47 -99 -105 -90 -11 -40 -96 -97 -63 -22 -80 -21 -14 -19 -50 -23 -24 -19 -14 -15 -106 -48 -48 -96 -52 -44 -66 -109 -77 -80 -59 -83 -93 -13 -21 -46 -78 
-44 -61 -107 -22 -74 -99 -10 -112 -21 -106 -33 -67 -49 -39 -87 -89 -32 -16 -46 -30 -116 -46 -56 -111 -108 -49 -86 -107 -101 -18 -98 -87 -89 -26 -35 -61 -89 -45 -36 -30 -102 -100 -99 -78 -46 -73 -87 -94 -80 -30 -98 -59 -88 -106 -81 -97 -85 -37 -40 -77 -29 -63 -72 -107 -39 -76 -11 -80 -12 -91 -77 -70 -118 -59 -88 -61 -29 -38 -98 -101 -40 -15 -18 -118 -36 -43 -75 -93 -63 -34 -111 -20 -93 -21 -11 -45 -110 -103 -80 -20 
-109 -66 -104 -74 -95 -75 -9 -37 -13 -15 -85 -90 -29 -69 -51 -75 -35 -108 -105 -102 -111 -91 -89 -11 -85 -45 -14 -75 -40 -15 -30 -68 -9 -62 -71 -95 -55 -90 -45 -68 -64 -76 -108 -94 -101 -84 -96 -94 -12 -57 -88 -56 -65 -22 -69 -46 -48 -20 -61 -101 -88 -116 -100 -71 -12 -53 -36 -103 -72 -41 -73 -47 -52 -103 -106 -65 -86 -60 -36 -103 -23 -56 -101 -89 -62 -47 -67 -56 -39 -80 -33 -11 -14 -54 -56 -98 -120 -16 -80 -15 
-96 -22 -101 -29 -34 -32 -37 -31 -23 -70 -29 -83 -69 -32 -70 -63 -66 -43 -15 -18 -30 -84 -76 -62 -76 -44 -12 -77 -75 -94 -49 -59 -46 -62 -49 -113 -30 -52 -19 -21 -120 -52 -90 -119 -85 -102 -95 -20 -116 -76 -20 -39 -19 -116 -11 -21 -36 -50 -93 -13 -110 -15 -101 -54 -57 -77 -112 -57 -103 -44 -64 -58 -53 -70 -100 -21 -73 -78 -81 -31 -18 -68 -95 -47 -30 -44 -109 -35 -118 -67 -83 -73 -44 -31 -78 -15 -60 -11 -71 -72 
-87 -62 -29 -66 -15 -26 -42 -24 -65 -100 -28 -77 -22 -15 -26 -87 -38 -15 -55 -43 -60 -81 -92 -29 -117 -83 -65 -83 -89 -62 -59 -24 -90 -83 -72 -17 -76 -88 -61 -118 -89 -34 -32 -98 -10 -74 -97 -96 -97 -51 -70 -24 -106 -17 -84 -47 -79 -29 -70 -119 -66 -59 -11 -98 -112 -32 -15 -93 -91 -114 -51 -91 -23 -34 -26 -17 -18 -102 -92 -47 -107 -86 -79 -88 -51 -9 -69 -105 -42 -31 -47 -34 -60 -120 -11 -59 -57 -68 -49 -54 
-14 -22 -114 -90 -15 -9 -58 -57 -26 -57 -33 -103 -70 -10 -9 -41 -90 -93 -59 -103 -13 -60 -10 -55 -105 -32 -42 -88 -25 -111 -81 -20 -13 -83 -77 -82 -34 -115 -17 -29 -98 -83 -15 -108 -78 -78 -55 -118 -33 -43 -73 -18 -32 -66 -43 -116 -28 -80 -117 -100 -65 -68 -17 -64 -55 -76 -11 -20 -88 -104 -32 -30 -80 -70 -117 -63 -35 -114 -107 -86 -57 -71 -118 -71 -9 -102 -78 -77 -103 -35 -96 -21 -68 -50 -15 -29 -39 -114 -28 -40 
-55 -26 -79 -108 -58 -96 -61 -120 -13 -118 -106 -92 -113 -30 -95 -14 -33 -22 -77 -61 -106 -55 -21 -48 -113 -27 -41 -101 -12 -13 -82 -99 -56 -68 -103 -84 -39 -26 -55 -78 -90 -35 -114 -61 -118 -10 -28 -62 -60 -16 -30 -37 -41 -52 -53 -91 -113 -63 -97 -9 -102 -25 -19 -16 -58 -102 -38 -55 -10 -42 -64 -14 -48 -120 -64 -83 -78 -30 -56 -115 -41 -97 -58 -41 -33 -24 -107 -105 -70 -45 -65 -107 -71 -55 -19 -81 -60 -54 -79 -27 
