50 55
18 61 51 52 58 5 -18 -26 63 -35 64 66 141 126 -16 76 100 37 -19 75 28 80 -33 145 -11 23 45 111 41 39 124 106 80 -10 27 31 22 22 6 47 106 53 10 82 91 127 79 18 87 14 143 -18 17 -3 -16 
-37 -21 73 55 90 30 -12 -23 -34 -39 -18 2 105 98 82 -1 35 85 98 82 38 83 12 130 96 -18 -39 -45 119 64 113 8 41 -5 114 45 -3 124 106 138 14 95 68 -11 -9 -11 61 140 90 16 94 133 135 65 68 
-3 -10 76 113 39 -23 21 108 123 112 49 42 63 119 7 17 143 -16 110 126 135 62 -5 -32 17 68 20 130 42 104 78 43 -16 91 138 94 43 2 116 -15 27 51 31 -12 17 136 139 142 84 -45 -3 74 111 102 91 
7 -34 -36 8 -27 30 138 6 72 3 -44 -29 21 74 5 92 75 78 -31 27 96 -24 120 -10 6 125 117 -44 143 136 55 -34 -21 22 18 -4 4 -45 37 41 23 44 109 -39 106 -7 56 37 87 -31 50 -47 121 133 0 
13 -4 -32 -48 25 -14 -3 122 -49 101 8 36 75 80 114 128 -21 -42 4 104 -28 -10 62 -5 89 -23 69 78 110 105 -25 -14 96 34 68 -31 65 123 10 85 111 99 139 109 -3 -3 136 66 78 99 107 -5 -50 32 52 
141 -48 -18 92 -30 120 -33 0 5 -10 25 102 23 116 60 136 6 136 81 11 60 144 122 105 -11 94 -9 72 4 147 68 -20 -13 132 129 140 76 65 9 139 96 54 85 137 128 102 65 6 -42 116 66 69 61 -42 53 
143 1 15 -47 24 53 57 98 -18 17 6 50 -49 131 97 -25 16 42 113 -12 131 -30 -43 94 132 83 83 86 -13 20 109 118 91 80 132 35 -44 26 -36 11 52 11 114 97 118 92 44 -50 -44 127 -5 -16 120 -16 -22 
13 13 89 37 -16 7 44 24 114 103 27 60 -8 23 -5 67 51 11 56 56 -24 22 53 -15 119 100 141 72 119 17 144 -42 103 110 136 -4 -21 -35 73 -45 8 20 112 7 36 125 49 -2 -6 75 138 27 104 35 -39 
58 41 88 -11 35 49 105 23 33 103 -7 -1 100 121 60 80 -1 128 -21 83 83 -4 32 0 35 147 75 5 142 -44 22 43 146 56 45 -40 104 63 7 135 -48 72 114 -25 31 -6 87 94 -8 78 -30 8 61 71 -2 
39 -38 62 59 83 121 142 -32 23 -25 -9 115 40 -25 81 141 114 40 95 28 139 93 129 71 -19 105 60 90 -28 148 52 -4 116 90 -44 68 26 40 20 -18 33 17 78 -18 32 120 -20 -12 140 33 115 76 -36 47 140 
23 59 -20 4 66 27 83 20 87 93 27 -40 147 -13 -46 8 57 70 149 41 65 16 89 84 91 17 29 -24 -2 -13 -45 21 -7 148 80 -31 78 38 55 -37 -47 2 107 93 50 -11 16 11 53 131 24 -43 110 78 146 
0 146 24 108 7 -14 88 50 129 113 -37 -34 29 111 -20 110 67 -4 102 42 -3 15 -48 -9 77 60 -7 93 136 105 -45 66 93 128 84 -2 70 49 -33 -28 90 -23 64 105 -32 71 65 -45 -11 64 -32 123 20 90 -44 
101 -32 57 -25 117 -41 -47 55 19 -18 61 1 99 114 134 81 20 32 -45 102 29 121 118 92 -25 45 -42 82 83 -4 149 92 -47 139 61 41 95 143 22 88 -14 120 63 97 4 94 -20 -40 34 -5 -3 132 148 54 -4 
-22 58 -15 95 108 17 9 98 0 64 2 67 -44 30 3 134 -25 90 9 143 37 87 -15 17 105 32 111 145 52 71 -19 56 -34 34 -37 10 6 -48 68 64 81 67 108 144 121 44 63 148 1 68 123 13 -17 40 122 
136 -50 -36 120 8 83 128 115 65 110 65 30 -23 110 -48 -40 95 -33 15 -9 116 126 140 9 105 3 85 -25 99 -48 -25 -5 8 119 -35 -46 -14 -15 28 42 134 32 -49 95 64 -33 50 90 83 121 30 135 -26 29 128 
83 50 88 -36 3 -48 44 -1 -47 111 138 35 135 23 3 23 28 9 63 78 135 -49 32 10 21 55 -22 123 104 94 100 -1 78 142 -15 -5 -47 138 42 -17 131 -19 118 32 -14 78 -34 28 96 139 125 137 20 67 84 
126 140 16 -23 -9 -13 94 12 72 133 126 -47 88 102 37 -7 8 90 24 -49 90 -1 99 130 19 76 86 -44 25 125 102 90 37 51 132 135 -1 140 -15 118 57 138 41 41 133 15 121 -2 92 6 19 88 -28 127 -39 
149 15 79 -13 106 40 8 66 60 -50 -18 71 105 145 125 127 95 46 146 100 33 85 142 117 6 66 -38 37 -50 24 130 41 103 1 23 71 132 12 130 137 -22 108 -7 49 46 -31 94 6 7 79 120 21 22 137 -20 
46 135 93 137 143 79 22 117 28 -39 90 72 123 -26 31 28 38 1 16 78 51 -46 75 21 116 127 54 -39 64 123 149 -37 -26 27 24 115 146 92 -41 -18 47 -37 36 -50 96 -15 21 -28 9 -31 -45 79 -44 15 73 
74 -1 -47 79 38 105 93 110 -50 -4 -33 42 -13 -22 53 -7 -6 149 60 -7 -46 -43 -13 -39 -32 -37 90 12 61 13 84 -26 15 148 96 -13 -29 70 93 132 69 111 -47 139 -13 21 35 4 21 42 132 -49 95 -12 -16 
42 22 42 138 12 112 140 144 90 114 -26 96 58 -19 113 32 90 91 82 60 117 100 -11 -44 -32 114 110 22 32 11 71 11 11 -16 -29 -34 86 -19 138 -1 73 102 -31 94 19 91 131 -6 32 65 100 -43 87 132 121 
89 120 21 24 87 54 75 -42 -27 110 123 -36 139 142 127 140 37 30 113 87 40 120 69 4 18 112 101 -21 115 57 5 101 5 -20 -8 145 64 -33 -21 142 26 0 -50 138 69 72 -28 -8 19 6 73 89 41 -49 148 
-1 34 -3 86 105 -4 132 40 82 61 122 13 83 58 125 21 99 -6 -18 120 66 82 -14 -28 109 41 37 59 18 80 79 75 107 57 61 106 52 129 100 -5 44 133 -18 10 -17 98 63 73 -40 63 109 86 67 -12 149 
85 146 43 51 146 97 38 132 -1 31 -15 32 -22 51 125 -11 46 127 81 1 124 123 97 -45 65 59 27 -28 -9 70 8 -6 108 122 -29 65 45 -46 144 2 33 2 53 107 61 13 126 12 80 124 19 122 24 127 49 
115 18 125 71 -47 62 -48 40 17 20 91 110 -2 71 106 117 78 0 132 -33 -12 46 48 127 51 145 -26 3 -4 133 -38 -43 69 -4 72 143 86 148 -25 57 74 97 1 20 -24 5 30 97 70 50 139 43 136 141 31 
60 -47 -5 -21 49 -11 -5 148 -7 82 22 92 144 119 30 80 25 -47 -23 -33 55 -23 4 25 140 28 -29 47 -25 -7 46 4 118 -45 129 76 120 -26 -48 13 78 -4 131 -9 100 9 104 -13 130 135 -4 16 136 87 99 
-47 -17 40 28 -10 -4 90 28 83 21 -24 96 -19 30 85 60 107 88 -30 61 105 16 98 129 88 33 51 65 114 -41 37 63 28 57 124 23 126 118 -11 -18 25 2 0 103 -30 60 110 70 7 43 -3 -39 91 -22 -41 
80 101 111 42 -17 -20 143 97 28 -22 122 -23 86 -6 48 27 104 117 48 6 6 61 34 -28 9 97 84 12 62 -27 -11 112 93 116 2 60 -19 5 44 149 15 39 90 99 110 -8 49 22 108 -6 106 52 37 -18 -8 
112 145 -7 -33 33 122 6 79 56 2 9 137 140 73 -6 -26 147 62 111 106 37 107 43 95 -32 -35 11 113 102 9 64 73 72 95 6 131 107 7 136 16 51 39 91 -17 9 102 108 30 22 48 123 112 23 8 46 
33 67 112 -36 124 12 101 -20 110 32 140 37 -6 15 98 142 -26 29 127 36 26 -26 34 33 141 78 46 143 87 114 32 -39 -22 -32 45 52 32 63 76 139 19 52 2 70 89 56 98 76 145 31 129 35 51 52 96 
54 -10 2 -31 141 -37 139 29 3 25 68 1 72 42 123 84 86 3 55 125 17 140 92 -35 22 105 -40 -20 -49 -44 105 29 138 3 86 144 51 102 63 -5 73 -50 -23 -33 96 18 25 27 -14 139 135 149 -49 -2 -9 
82 -30 55 88 80 57 10 147 25 99 6 -21 -43 49 86 62 85 117 -42 25 103 45 75 104 -50 -18 -24 -27 100 58 -34 86 51 109 -43 91 57 62 -22 4 34 118 118 107 110 68 -30 49 106 118 144 27 14 -14 -48 
45 17 -7 40 132 -22 20 72 49 56 -2 70 138 35 113 63 93 8 14 85 100 126 -43 34 26 -50 94 47 64 51 54 113 149 -9 12 22 21 -40 104 98 111 3 122 118 17 131 21 81 60 -29 25 75 5 -35 70 
59 13 127 -43 141 -48 142 67 26 -39 -42 35 110 134 7 130 119 31 -37 74 40 -49 48 148 -24 1 106 116 15 -34 -35 37 -5 38 -50 108 64 147 117 -37 39 112 -12 143 92 120 -14 -24 42 46 69 52 33 63 28 
14 71 81 -10 -14 108 55 27 86 72 40 30 113 142 26 142 137 6 -14 87 19 -11 -40 31 119 -19 143 25 66 109 134 138 20 97 55 -5 143 90 -22 -39 -24 80 -9 20 -40 -2 110 139 102 -41 90 110 22 73 8 
15 106 -13 -18 56 -16 -4 104 -28 -36 72 24 40 -28 72 -6 105 135 100 41 38 47 89 74 125 109 15 96 135 -46 -42 109 0 -5 -44 114 2 -3 -32 -45 114 49 126 120 15 148 5 96 -33 119 118 124 -34 -19 22 
44 140 103 135 63 28 36 40 -3 111 -50 146 -8 73 -6 97 32 10 26 47 32 -7 15 12 -13 104 85 34 39 149 79 112 -21 107 59 96 9 20 13 3 43 108 -1 -35 -48 149 28 6 134 -40 90 -40 44 70 102 
-41 53 91 -46 147 93 119 91 61 32 -19 110 101 85 -46 -11 -47 120 112 -4 -5 149 -35 19 -30 65 19 41 67 69 97 -35 32 -2 104 31 54 -42 -45 87 142 -40 37 49 129 -4 65 99 100 -8 124 59 89 19 115 
-22 44 81 88 140 -15 84 140 72 -6 46 114 92 85 117 84 57 18 108 146 -27 58 23 8 35 53 57 -17 108 133 120 36 43 76 149 6 136 122 26 -49 -10 11 111 35 9 -43 0 16 -17 131 -2 -3 53 7 -14 
22 -36 144 146 101 82 58 -8 135 124 136 -22 102 -35 47 -10 -46 -5 18 -1 136 14 28 76 -18 108 -36 105 23 -41 104 103 94 106 73 126 121 56 100 107 127 126 -40 120 -26 2 49 105 103 110 39 112 88 128 -41 
60 49 72 6 -25 79 -15 78 84 115 -8 10 100 122 44 -24 75 27 59 12 24 -47 85 -30 137 127 30 -5 27 122 103 50 139 87 1 33 -39 121 117 66 52 143 -41 101 122 139 107 124 112 31 143 -22 88 102 117 
146 -2 122 22 -2 22 60 55 -28 -38 138 95 85 1 107 64 -36 27 20 15 -35 -17 -23 96 -16 7 84 68 2 -36 42 49 77 14 120 -45 49 10 39 38 121 39 132 101 124 -6 140 -22 137 43 52 103 -30 102 137 
131 83 -32 65 128 35 77 24 79 8 7 19 -20 -3 131 55 -12 103 -26 63 148 96 -6 66 -42 30 90 82 -43 135 24 -12 3 62 124 33 100 28 55 91 2 122 134 86 29 68 -24 147 24 77 70 131 109 81 -29 
67 -13 109 -18 63 -12 41 -3 146 106 29 127 78 66 103 143 121 -26 121 91 87 23 60 -6 72 -3 -26 18 131 98 104 38 130 59 56 -4 29 134 83 -7 123 92 43 43 66 27 41 80 109 -11 133 62 0 112 143 
-39 105 107 16 31 28 43 0 71 129 35 -39 54 70 -6 -45 88 148 33 140 -25 112 25 127 98 18 9 76 47 65 5 55 138 96 68 47 -36 -16 112 -34 20 -18 -21 64 132 -33 47 -32 78 9 19 105 141 42 -26 
131 81 147 -37 -34 73 119 -29 -19 14 100 -38 76 -12 144 97 -47 18 -18 7 51 -46 100 15 79 -6 58 113 141 80 -17 12 52 -20 67 35 146 100 83 -9 142 69 104 123 22 39 15 29 13 125 -43 61 44 120 59 
49 45 136 58 -6 102 88 15 81 12 98 42 131 26 45 91 47 5 -37 35 146 -42 -47 -7 14 -14 -29 47 91 26 -16 -50 57 -21 13 -11 14 49 -48 35 111 47 90 11 -41 121 61 31 -50 77 -2 35 92 95 28 
139 100 85 -34 19 8 106 -23 86 -49 -14 42 -28 93 3 53 65 94 137 129 120 116 146 -17 133 90 -26 104 -20 -50 -4 83 148 35 137 94 94 -44 129 148 -27 141 110 -39 -32 107 9 38 79 73 8 -33 115 140 -14 
74 120 42 -9 17 61 139 2 8 142 22 55 47 -36 120 77 77 8 37 -28 95 23 -32 -34 -14 111 76 66 38 26 52 114 61 113 146 104 107 139 80 5 86 -33 8 125 23 95 69 47 147 3 101 -12 -23 15 -5 
-47 43 -7 110 85 111 5 47 104 27 119 99 111 -37 1 -13 99 42 56 47 3 126 59 143 -48 31 -23 75 104 149 52 -41 46 105 37 149 -27 116 -48 137 53 46 76 62 -2 -10 -15 145 -12 110 -23 140 -43 86 105 
