50 20
55 13 130 63 67 20 75 111 153 112 196 90 44 139 131 19 16 113 101 51 
87 17 154 101 133 64 175 196 52 177 29 25 158 58 161 155 62 160 11 54 
168 17 14 124 75 23 184 173 35 33 26 59 95 90 80 66 98 51 136 144 
121 17 39 197 47 141 74 78 35 19 166 108 32 148 58 173 70 54 133 199 
188 136 197 148 172 171 162 95 189 190 160 178 129 109 165 18 112 98 102 107 
27 52 138 99 186 182 76 149 113 128 185 160 166 30 118 152 31 138 197 165 
196 186 162 139 92 100 113 186 48 16 33 92 196 121 63 87 24 59 96 164 
180 158 91 126 116 88 139 181 25 47 61 40 151 58 170 103 105 23 126 72 
166 150 72 70 87 71 29 187 137 152 117 173 176 15 102 173 45 50 105 12 
104 27 71 116 10 176 31 83 110 181 116 93 192 71 141 183 117 31 125 85 
178 195 185 80 137 50 132 153 59 194 22 134 30 150 150 20 119 122 17 82 
184 115 13 193 154 176 178 125 192 51 123 187 130 135 141 143 167 162 147 188 
189 155 195 107 88 42 77 110 196 173 110 188 44 146 101 156 15 151 144 23 
41 97 83 31 196 129 154 53 29 189 102 128 87 12 13 114 22 90 123 58 
71 159 19 12 81 101 175 62 173 58 131 23 49 143 124 32 178 183 58 17 
13 193 146 154 96 124 118 155 94 77 54 58 63 45 148 64 67 104 141 156 
128 124 50 43 72 183 49 63 117 184 131 53 69 19 115 158 41 152 57 27 
25 39 81 96 60 17 123 191 176 112 95 179 49 195 77 49 153 38 66 41 
105 30 112 96 66 14 178 186 145 95 130 107 116 14 19 94 141 110 185 127 
159 69 157 42 185 170 159 166 186 17 146 44 194 170 113 92 179 81 173 48 
13 127 47 44 158 53 61 171 117 161 147 184 89 157 87 115 169 15 16 166 
43 21 81 132 107 93 106 146 36 26 133 71 159 149 22 132 67 106 119 115 
173 184 178 154 79 34 37 36 104 88 155 179 12 188 62 161 174 168 194 76 
133 146 177 166 89 10 160 60 36 29 115 40 43 78 136 197 65 73 163 140 
67 192 187 115 41 37 177 191 156 113 101 90 25 46 128 133 194 35 98 170 
103 195 117 60 143 36 41 72 25 101 137 67 115 157 31 70 171 49 15 191 
106 193 63 58 43 56 196 115 72 67 21 48 65 131 170 96 161 36 197 134 
131 100 162 199 183 89 28 39 12 128 119 50 148 66 150 70 43 151 46 65 
46 160 29 158 167 135 43 102 94 187 92 152 131 72 117 41 97 92 98 40 
83 135 146 91 62 73 168 139 21 80 61 189 45 184 126 169 160 19 191 173 
144 80 169 65 32 27 194 18 68 125 82 100 47 168 118 191 99 83 31 165 
32 48 163 32 65 158 77 50 181 108 31 60 70 112 112 172 18 95 176 172 
108 80 64 92 108 47 19 119 82 88 18 96 146 58 143 155 48 56 78 67 
77 78 174 52 94 175 163 192 142 154 126 37 25 84 19 154 112 121 136 91 
121 139 199 31 56 194 177 39 16 99 90 123 114 39 103 121 43 75 103 55 
37 127 179 86 78 22 189 29 182 170 175 84 40 45 194 56 173 106 139 38 
171 107 95 169 133 182 170 48 152 15 176 47 99 71 129 90 194 165 121 80 
129 85 56 91 185 110 156 139 140 74 190 19 73 161 140 18 63 23 74 111 
17 104 65 193 153 95 173 162 128 183 195 168 190 28 93 70 158 75 65 185 
155 84 199 111 80 31 89 89 131 179 13 183 161 35 36 116 171 117 106 135 
54 129 169 17 119 51 102 135 55 188 64 13 128 60 56 115 52 61 156 176 
165 195 17 37 33 167 79 117 153 146 97 90 30 184 167 184 102 82 100 154 
43 148 22 72 122 154 39 171 18 30 24 195 66 88 116 137 94 21 183 92 
192 23 116 86 195 198 153 87 196 20 51 127 113 124 71 34 17 134 105 181 
146 88 154 56 29 27 53 25 75 16 51 27 20 43 93 100 17 96 82 58 
147 124 153 14 183 137 130 22 43 117 173 49 178 54 30 54 181 93 143 160 
40 158 15 11 158 159 63 29 162 134 158 196 198 171 123 129 49 43 101 70 
118 120 155 178 143 55 15 18 146 173 122 136 188 94 164 107 54 95 24 98 
174 45 16 100 89 109 181 101 11 89 35 118 89 184 127 146 90 121 115 112 
199 194 74 143 15 162 10 59 40 26 114 23 173 16 48 118 158 176 101 64 
